%YAML:1.0
---
camera_matrix: !!opencv-matrix
   rows: 3
   cols: 3
   dt: d
   data: [ 5.3209378771339982e+02, 0., 9.7531740692488245e+02, 0.,
       5.3009189383415060e+02, 5.1387116509620034e+02, 0., 0., 1. ]
dist_coeffs: !!opencv-matrix
   rows: 4
   cols: 1
   dt: d
   data: [ 1.7907441876190153e-01, -6.6435721032647860e-02,
       2.0169499551504239e-02, -5.3735377098933397e-03 ]
resolution: !!opencv-matrix
   rows: 2
   cols: 1
   dt: i
   data: [ 1920, 1080 ]
project_matrix: !!opencv-matrix
   rows: 3
   cols: 3
   dt: d
   data: [ -4.1052258129976599e-01, -1.6505693062215276e+00,
       7.3317587656904436e+02, -2.6007367053609756e-02,
       -1.4759494933839290e+00, 5.2590184808102106e+02,
       -4.6214078413470041e-05, -4.2507767826812457e-03, 1. ]
scale_xy: !!opencv-matrix
   rows: 2
   cols: 1
   dt: f
   data: [ 6.00000024e-01, 6.00000024e-01 ]
shift_xy: !!opencv-matrix
   rows: 2
   cols: 1
   dt: f
   data: [ -100., 0. ]
