%YAML:1.0
---
camera_matrix: !!opencv-matrix
   rows: 3
   cols: 3
   dt: d
   data: [ 5.3209378771339982e+02, 0., 9.7531740692488245e+02, 0.,
       5.3009189383415060e+02, 5.1387116509620034e+02, 0., 0., 1. ]
dist_coeffs: !!opencv-matrix
   rows: 4
   cols: 1
   dt: d
   data: [ 1.7907441876190153e-01, -6.6435721032647860e-02,
       2.0169499551504239e-02, -5.3735377098933397e-03 ]
resolution: !!opencv-matrix
   rows: 2
   cols: 1
   dt: i
   data: [ 1920, 1080 ]
project_matrix: !!opencv-matrix
   rows: 3
   cols: 3
   dt: d
   data: [ -5.8779632466239962e-01, -1.6421982155451196e+00,
       1.0392419927481785e+03, -3.9325808754110368e-02,
       -1.1134687913451755e+00, 5.1826232837600605e+02,
       -1.2537164707847608e-04, -2.7718704678234519e-03, 1. ]
scale_xy: !!opencv-matrix
   rows: 2
   cols: 1
   dt: f
   data: [ 4.49999988e-01, 4.49999988e-01 ]
shift_xy: !!opencv-matrix
   rows: 2
   cols: 1
   dt: f
   data: [ -100., 0. ]
