%YAML:1.0
---
camera_matrix: !!opencv-matrix
   rows: 3
   cols: 3
   dt: d
   data: [ 5.3209378771339982e+02, 0., 9.7531740692488245e+02, 0.,
       5.3009189383415060e+02, 5.1387116509620034e+02, 0., 0., 1. ]
dist_coeffs: !!opencv-matrix
   rows: 4
   cols: 1
   dt: d
   data: [ 1.7907441876190153e-01, -6.6435721032647860e-02,
       2.0169499551504239e-02, -5.3735377098933397e-03 ]
resolution: !!opencv-matrix
   rows: 2
   cols: 1
   dt: i
   data: [ 1920, 1080 ]
project_matrix: !!opencv-matrix
   rows: 3
   cols: 3
   dt: d
   data: [ 2.4803357406846529e+00, 6.3520939018627463e+00,
       -2.0459800727063136e+03, -1.6656760949668378e-02,
       7.2788419662272865e+00, -1.7151270581860203e+03,
       -1.7261851707372306e-04, 1.5924359251147647e-02, 1. ]
scale_xy: !!opencv-matrix
   rows: 2
   cols: 1
   dt: f
   data: [ 1.04999995e+00, 1.04999995e+00 ]
shift_xy: !!opencv-matrix
   rows: 2
   cols: 1
   dt: f
   data: [ 0., 0. ]
